Rep	Year	RepSeason	NInds	NInd_stage1	NInd_stage2	NJuvs	NOccupPatches	Occup/Suit	min_X	max_X	min_Y	max_Y
0	0	0	2	0	2	4	1	0.0833333	16687	18987	33087	35037
0	10	0	14	7	7	2	1	0.0833333	33137	39487	16137	18787
0	20	0	51	14	37	9	6	0.5	16687	45587	13237	35037
0	30	0	122	22	100	10	10	0.833333	16687	45587	13237	35037
0	40	0	142	13	129	20	11	0.916667	16687	45637	13237	35037
0	50	0	163	15	148	14	12	1	16687	45637	13237	35037
0	60	0	168	12	156	9	12	1	16687	45637	13237	35037
0	70	0	180	12	168	0	12	1	16687	45637	13237	35037
1	0	0	2	0	2	6	1	0.0833333	16687	18987	33087	35037
1	10	0	7	6	1	0	0	0	60337	37	37987	37
1	20	0	16	7	9	3	2	0.166667	28937	39487	16137	22587
1	30	0	34	3	31	4	5	0.416667	25337	45637	13237	28087
1	40	0	74	7	67	13	6	0.5	16687	45637	13237	35037
1	50	0	90	10	80	13	7	0.583333	16687	45637	13237	35037
1	60	0	114	14	100	8	10	0.833333	16687	45637	13237	35037
1	70	0	126	9	117	0	9	0.75	16687	45637	13237	35037
2	0	0	2	0	2	3	1	0.0833333	16687	18987	33087	35037
2	10	0	5	2	3	3	1	0.0833333	42687	45537	30087	31487
2	20	0	18	9	9	1	2	0.166667	19487	29437	13237	21137
2	30	0	46	20	26	4	5	0.416667	19487	45537	13237	31487
2	40	0	127	22	105	15	10	0.833333	16687	45637	13237	35037
2	50	0	185	21	164	14	12	1	16687	45637	13237	35037
2	60	0	186	12	174	7	12	1	16687	45637	13237	35037
2	70	0	183	13	170	0	12	1	16687	45637	13237	35037
3	0	0	2	0	2	3	1	0.0833333	16687	18987	33087	35037
3	10	0	24	8	16	6	3	0.25	16687	39487	16137	35037
3	20	0	51	14	37	17	5	0.416667	25337	45537	13237	31487
3	30	0	124	20	104	15	11	0.916667	16687	45587	13237	35037
3	40	0	157	8	149	14	12	1	16687	45637	13237	35037
3	50	0	165	9	156	13	11	0.916667	16687	45637	13237	35037
3	60	0	171	8	163	9	12	1	16687	45637	13237	35037
3	70	0	182	20	162	0	12	1	16687	45637	13237	35037
4	0	0	2	0	2	8	1	0.0833333	16687	18987	33087	35037
4	10	0	44	16	28	10	6	0.5	16687	45637	13237	35037
4	20	0	112	20	92	11	11	0.916667	16687	45637	13237	35037
4	30	0	173	24	149	10	11	0.916667	16687	45637	13237	35037
4	40	0	190	11	179	23	12	1	16687	45637	13237	35037
4	50	0	182	10	172	13	12	1	16687	45637	13237	35037
4	60	0	201	24	177	11	12	1	16687	45637	13237	35037
4	70	0	203	11	192	0	12	1	16687	45637	13237	35037
5	0	0	2	0	2	1	1	0.0833333	16687	18987	33087	35037
5	7	0	0	0	0	0	0	0	0	0	0	0
6	0	0	2	0	2	4	1	0.0833333	16687	18987	33087	35037
6	10	0	8	7	1	0	0	0	60337	37	37987	37
6	20	0	9	0	9	0	1	0.0833333	42787	45637	19487	21937
6	30	0	6	0	6	0	1	0.0833333	42787	45637	19487	21937
6	40	0	2	0	2	0	1	0.0833333	42787	45637	19487	21937
6	50	0	2	0	2	0	1	0.0833333	42787	45637	19487	21937
6	60	0	2	0	2	0	1	0.0833333	42787	45637	19487	21937
6	70	0	2	0	2	0	1	0.0833333	42787	45637	19487	21937
7	0	0	2	0	2	4	1	0.0833333	16687	18987	33087	35037
7	10	0	14	8	6	0	1	0.0833333	33137	39487	16137	18787
7	20	0	45	7	38	1	6	0.5	25337	45587	13237	30987
7	30	0	110	24	86	6	10	0.833333	16687	45637	13237	35037
7	40	0	149	17	132	17	12	1	16687	45637	13237	35037
7	50	0	167	14	153	8	12	1	16687	45637	13237	35037
7	60	0	179	9	170	5	11	0.916667	16687	45637	13237	35037
7	70	0	182	10	172	0	10	0.833333	16687	45637	13237	35037
8	0	0	2	0	2	6	1	0.0833333	16687	18987	33087	35037
8	10	0	19	7	12	2	3	0.25	19487	45537	13237	31487
8	20	0	68	14	54	9	8	0.666667	16687	45637	16137	35037
8	30	0	105	16	89	23	11	0.916667	16687	45637	13237	35037
8	40	0	143	17	126	12	12	1	16687	45637	13237	35037
8	50	0	160	19	141	8	12	1	16687	45637	13237	35037
8	60	0	182	17	165	11	12	1	16687	45637	13237	35037
8	70	0	201	18	183	0	12	1	16687	45637	13237	35037
9	0	0	2	0	2	5	1	0.0833333	16687	18987	33087	35037
9	10	0	9	3	6	3	1	0.0833333	42687	45537	30087	31487
9	20	0	6	1	5	1	1	0.0833333	35437	37137	28937	30987
9	30	0	6	0	6	0	0	0	60337	37	37987	37
9	40	0	3	0	3	0	0	0	60337	37	37987	37
9	50	0	2	0	2	0	0	0	60337	37	37987	37
9	60	0	1	0	1	0	0	0	60337	37	37987	37
9	65	0	0	0	0	0	0	0	0	0	0	0
10	0	0	2	0	2	1	1	0.0833333	16687	18987	33087	35037
10	6	0	0	0	0	0	0	0	0	0	0	0
11	0	0	2	0	2	0	1	0.0833333	16687	18987	33087	35037
11	7	0	0	0	0	0	0	0	0	0	0	0
12	0	0	2	0	2	4	1	0.0833333	16687	18987	33087	35037
12	10	0	6	4	2	0	0	0	60337	37	37987	37
12	20	0	1	0	1	0	0	0	60337	37	37987	37
12	24	0	0	0	0	0	0	0	0	0	0	0
13	0	0	2	0	2	3	1	0.0833333	16687	18987	33087	35037
13	10	0	6	3	3	3	1	0.0833333	16687	18987	33087	35037
13	20	0	54	16	38	13	7	0.583333	16687	45587	13237	35037
13	30	0	128	18	110	18	12	1	16687	45637	13237	35037
13	40	0	151	14	137	10	12	1	16687	45637	13237	35037
13	50	0	175	21	154	22	12	1	16687	45637	13237	35037
13	60	0	180	27	153	4	12	1	16687	45637	13237	35037
13	70	0	170	17	153	0	12	1	16687	45637	13237	35037
14	0	0	2	0	2	0	1	0.0833333	16687	18987	33087	35037
14	2	0	0	0	0	0	0	0	0	0	0	0
15	0	0	2	0	2	1	1	0.0833333	16687	18987	33087	35037
15	10	0	8	2	6	0	1	0.0833333	25337	29437	13237	16387
15	20	0	11	1	10	0	2	0.166667	25337	39487	13237	18787
15	30	0	6	0	6	0	1	0.0833333	25337	29437	13237	16387
15	40	0	2	0	2	0	0	0	60337	37	37987	37
15	50	0	2	0	2	0	0	0	60337	37	37987	37
15	60	0	2	0	2	0	0	0	60337	37	37987	37
15	70	0	1	0	1	0	0	0	60337	37	37987	37
16	0	0	2	0	2	4	1	0.0833333	16687	18987	33087	35037
16	10	0	7	2	5	4	1	0.0833333	42687	45537	30087	31487
16	20	0	77	20	57	24	7	0.583333	16687	45537	13237	35037
16	30	0	139	7	132	14	11	0.916667	16687	45637	13237	35037
16	40	0	142	13	129	14	11	0.916667	16687	45637	13237	35037
16	50	0	158	10	148	19	12	1	16687	45637	13237	35037
16	60	0	174	17	157	15	11	0.916667	16687	45637	13237	35037
16	70	0	182	16	166	0	12	1	16687	45637	13237	35037
17	0	0	2	0	2	2	1	0.0833333	16687	18987	33087	35037
17	10	0	3	2	1	0	0	0	60337	37	37987	37
17	20	0	15	7	8	2	3	0.25	25337	40537	13237	30537
17	30	0	31	7	24	4	4	0.333333	25337	40537	13237	30537
17	40	0	46	11	35	6	4	0.333333	16687	39487	13237	35037
17	50	0	71	10	61	8	8	0.666667	16687	45587	13237	35037
17	60	0	96	14	82	8	9	0.75	16687	45637	13237	35037
17	70	0	130	15	115	0	10	0.833333	16687	45637	13237	35037
18	0	0	2	0	2	3	1	0.0833333	16687	18987	33087	35037
18	7	0	0	0	0	0	0	0	0	0	0	0
19	0	0	2	0	2	2	1	0.0833333	16687	18987	33087	35037
19	10	0	2	0	2	0	0	0	60337	37	37987	37
19	11	0	0	0	0	0	0	0	0	0	0	0
20	0	0	2	0	2	2	1	0.0833333	16687	18987	33087	35037
20	10	0	4	1	3	5	1	0.0833333	28937	34587	16687	22587
20	20	0	28	6	22	4	3	0.25	28937	45637	16137	22587
20	30	0	58	4	54	4	7	0.583333	16687	45637	13237	35037
20	40	0	88	10	78	9	9	0.75	16687	45637	13237	35037
20	50	0	143	21	122	22	12	1	16687	45637	13237	35037
20	60	0	175	17	158	10	12	1	16687	45637	13237	35037
20	70	0	192	17	175	0	12	1	16687	45637	13237	35037
21	0	0	2	0	2	2	1	0.0833333	16687	18987	33087	35037
21	10	0	7	5	2	0	0	0	60337	37	37987	37
21	20	0	28	12	16	5	3	0.25	19487	39487	16137	30587
21	30	0	81	15	66	7	8	0.666667	16687	45637	13237	35037
21	40	0	112	10	102	20	10	0.833333	16687	45637	13237	35037
21	50	0	139	17	122	12	11	0.916667	16687	45637	13237	35037
21	60	0	136	10	126	20	12	1	16687	45637	13237	35037
21	70	0	158	15	143	0	12	1	16687	45637	13237	35037
22	0	0	2	0	2	3	1	0.0833333	16687	18987	33087	35037
22	10	0	6	4	2	0	0	0	60337	37	37987	37
22	20	0	38	13	25	13	5	0.416667	28937	45537	16137	31487
22	30	0	109	19	90	15	10	0.833333	19487	45637	13237	31487
22	40	0	162	18	144	11	12	1	16687	45637	13237	35037
22	50	0	186	17	169	12	12	1	16687	45637	13237	35037
22	60	0	176	11	165	15	12	1	16687	45637	13237	35037
22	70	0	178	15	163	0	12	1	16687	45637	13237	35037
23	0	0	2	0	2	3	1	0.0833333	16687	18987	33087	35037
23	5	0	0	0	0	0	0	0	0	0	0	0
24	0	0	2	0	2	2	1	0.0833333	16687	18987	33087	35037
24	10	0	3	1	2	0	0	0	60337	37	37987	37
24	12	0	0	0	0	0	0	0	0	0	0	0
25	0	0	2	0	2	3	1	0.0833333	16687	18987	33087	35037
25	10	0	4	2	2	0	0	0	60337	37	37987	37
25	20	0	2	0	2	0	0	0	60337	37	37987	37
25	30	0	1	0	1	0	0	0	60337	37	37987	37
25	36	0	0	0	0	0	0	0	0	0	0	0
26	0	0	2	0	2	3	1	0.0833333	16687	18987	33087	35037
26	9	0	0	0	0	0	0	0	0	0	0	0
27	0	0	2	0	2	8	1	0.0833333	16687	18987	33087	35037
27	10	0	8	4	4	0	1	0.0833333	25337	29437	13237	16387
27	20	0	6	0	6	0	1	0.0833333	25337	29437	13237	16387
27	30	0	4	0	4	0	1	0.0833333	25337	29437	13237	16387
27	40	0	2	0	2	0	0	0	60337	37	37987	37
27	50	0	2	0	2	0	0	0	60337	37	37987	37
27	60	0	0	0	0	0	0	0	0	0	0	0
28	0	0	2	0	2	5	1	0.0833333	16687	18987	33087	35037
28	10	0	37	17	20	3	3	0.25	16687	39487	16137	35037
28	20	0	77	12	65	8	9	0.75	16687	45637	13237	35037
28	30	0	112	10	102	14	11	0.916667	16687	45637	13237	35037
28	40	0	142	18	124	10	11	0.916667	16687	45637	13237	35037
28	50	0	162	6	156	19	11	0.916667	16687	45637	13237	35037
28	60	0	187	12	175	15	12	1	16687	45637	13237	35037
28	70	0	205	15	190	0	12	1	16687	45637	13237	35037
29	0	0	2	0	2	5	1	0.0833333	16687	18987	33087	35037
29	10	0	8	6	2	0	0	0	60337	37	37987	37
29	20	0	49	13	36	9	7	0.583333	16687	45587	16137	35037
29	30	0	130	24	106	17	11	0.916667	16687	45637	13237	35037
29	40	0	184	30	154	20	12	1	16687	45637	13237	35037
29	50	0	190	19	171	11	12	1	16687	45637	13237	35037
29	60	0	189	13	176	15	12	1	16687	45637	13237	35037
29	70	0	202	22	180	0	11	0.916667	16687	45637	13237	35037
30	0	0	2	0	2	3	1	0.0833333	16687	18987	33087	35037
30	5	0	0	0	0	0	0	0	0	0	0	0
31	0	0	2	0	2	1	1	0.0833333	16687	18987	33087	35037
31	3	0	0	0	0	0	0	0	0	0	0	0
32	0	0	2	0	2	2	1	0.0833333	16687	18987	33087	35037
32	6	0	0	0	0	0	0	0	0	0	0	0
33	0	0	2	0	2	5	1	0.0833333	16687	18987	33087	35037
33	8	0	0	0	0	0	0	0	0	0	0	0
34	0	0	2	0	2	2	1	0.0833333	16687	18987	33087	35037
34	10	0	7	3	4	0	0	0	60337	37	37987	37
34	20	0	23	3	20	9	4	0.333333	19487	45587	16137	28087
34	30	0	50	15	35	4	5	0.416667	19487	45587	16137	30587
34	40	0	113	8	105	18	9	0.75	16687	45587	13237	35037
34	50	0	143	17	126	16	11	0.916667	16687	45637	13237	35037
34	60	0	165	13	152	18	11	0.916667	16687	45637	13237	35037
34	70	0	190	32	158	0	11	0.916667	16687	45637	13237	35037
35	0	0	2	0	2	4	1	0.0833333	16687	18987	33087	35037
35	10	0	5	4	1	0	0	0	60337	37	37987	37
35	20	0	13	3	10	8	2	0.166667	28937	37137	16687	30987
35	30	0	73	23	50	9	8	0.666667	19487	45587	13237	31487
35	40	0	141	23	118	16	11	0.916667	16687	45637	13237	35037
35	50	0	168	25	143	8	11	0.916667	16687	45637	13237	35037
35	60	0	193	17	176	8	12	1	16687	45637	13237	35037
35	70	0	197	20	177	0	12	1	16687	45637	13237	35037
36	0	0	2	0	2	5	1	0.0833333	16687	18987	33087	35037
36	10	0	3	1	2	0	0	0	60337	37	37987	37
36	20	0	1	0	1	0	0	0	60337	37	37987	37
36	30	0	1	0	1	0	0	0	60337	37	37987	37
36	40	0	1	0	1	0	0	0	60337	37	37987	37
36	50	0	1	0	1	0	0	0	60337	37	37987	37
36	60	0	1	0	1	0	0	0	60337	37	37987	37
36	70	0	1	0	1	0	0	0	60337	37	37987	37
37	0	0	2	0	2	3	1	0.0833333	16687	18987	33087	35037
37	10	0	22	8	14	19	4	0.333333	16687	45537	29087	35037
37	20	0	78	6	72	18	10	0.833333	16687	45637	13237	35037
37	30	0	122	17	105	12	12	1	16687	45637	13237	35037
37	40	0	172	24	148	12	12	1	16687	45637	13237	35037
37	50	0	192	22	170	10	12	1	16687	45637	13237	35037
37	60	0	204	20	184	10	12	1	16687	45637	13237	35037
37	70	0	209	19	190	0	12	1	16687	45637	13237	35037
38	0	0	2	0	2	4	1	0.0833333	16687	18987	33087	35037
38	10	0	15	6	9	5	2	0.166667	25337	34587	13237	22587
38	20	0	42	14	28	4	5	0.416667	19487	39487	13237	30587
38	30	0	104	18	86	25	10	0.833333	16687	45587	13237	35037
38	40	0	155	14	141	15	10	0.833333	16687	45587	13237	35037
38	50	0	162	20	142	19	11	0.916667	16687	45637	13237	35037
38	60	0	179	13	166	7	12	1	16687	45637	13237	35037
38	70	0	192	15	177	0	12	1	16687	45637	13237	35037
39	0	0	2	0	2	2	1	0.0833333	16687	18987	33087	35037
39	6	0	0	0	0	0	0	0	0	0	0	0
40	0	0	2	0	2	7	1	0.0833333	16687	18987	33087	35037
40	6	0	0	0	0	0	0	0	0	0	0	0
41	0	0	2	0	2	4	1	0.0833333	16687	18987	33087	35037
41	10	0	13	6	7	5	2	0.166667	16687	39487	16137	35037
41	20	0	38	9	29	6	5	0.416667	16687	39487	13237	35037
41	30	0	102	18	84	19	10	0.833333	16687	45537	13237	35037
41	40	0	162	16	146	14	12	1	16687	45637	13237	35037
41	50	0	180	19	161	10	12	1	16687	45637	13237	35037
41	60	0	185	17	168	11	12	1	16687	45637	13237	35037
41	70	0	185	9	176	0	12	1	16687	45637	13237	35037
42	0	0	2	0	2	1	1	0.0833333	16687	18987	33087	35037
42	9	0	0	0	0	0	0	0	0	0	0	0
43	0	0	2	0	2	1	1	0.0833333	16687	18987	33087	35037
43	4	0	0	0	0	0	0	0	0	0	0	0
44	0	0	2	0	2	5	1	0.0833333	16687	18987	33087	35037
44	10	0	36	6	30	5	4	0.333333	17187	45587	16137	31487
44	20	0	109	18	91	15	10	0.833333	16687	45587	16137	35037
44	30	0	152	16	136	16	11	0.916667	16687	45637	13237	35037
44	40	0	196	15	181	15	12	1	16687	45637	13237	35037
44	50	0	195	17	178	13	12	1	16687	45637	13237	35037
44	60	0	208	18	190	12	12	1	16687	45637	13237	35037
44	70	0	215	18	197	0	12	1	16687	45637	13237	35037
45	0	0	2	0	2	5	1	0.0833333	16687	18987	33087	35037
45	10	0	50	17	33	5	5	0.416667	16687	45637	16137	35037
45	20	0	102	25	77	8	10	0.833333	16687	45637	13237	35037
45	30	0	161	17	144	26	12	1	16687	45637	13237	35037
45	40	0	184	17	167	18	12	1	16687	45637	13237	35037
45	50	0	180	16	164	9	12	1	16687	45637	13237	35037
45	60	0	210	16	194	10	12	1	16687	45637	13237	35037
45	70	0	190	12	178	0	12	1	16687	45637	13237	35037
46	0	0	2	0	2	3	1	0.0833333	16687	18987	33087	35037
46	8	0	0	0	0	0	0	0	0	0	0	0
47	0	0	2	0	2	2	1	0.0833333	16687	18987	33087	35037
47	10	0	11	8	3	0	1	0.0833333	42787	45637	19487	21937
47	20	0	21	1	20	4	2	0.166667	42687	45637	19487	31487
47	30	0	95	15	80	16	9	0.75	16687	45637	13237	35037
47	40	0	157	24	133	13	12	1	16687	45637	13237	35037
47	50	0	184	18	166	14	12	1	16687	45637	13237	35037
47	60	0	199	9	190	16	12	1	16687	45637	13237	35037
47	70	0	197	10	187	0	11	0.916667	16687	45637	13237	35037
48	0	0	2	0	2	5	1	0.0833333	16687	18987	33087	35037
48	10	0	19	3	16	10	3	0.25	25337	45537	13237	31487
48	20	0	51	8	43	7	7	0.583333	19487	45637	13237	30987
48	30	0	129	27	102	20	10	0.833333	16687	45637	13237	35037
48	40	0	160	14	146	7	10	0.833333	16687	45637	13237	35037
48	50	0	183	18	165	16	12	1	16687	45637	13237	35037
48	60	0	194	14	180	6	11	0.916667	16687	45637	13237	35037
48	70	0	195	12	183	0	12	1	16687	45637	13237	35037
49	0	0	2	0	2	3	1	0.0833333	16687	18987	33087	35037
49	8	0	0	0	0	0	0	0	0	0	0	0
50	0	0	2	0	2	2	1	0.0833333	16687	18987	33087	35037
50	10	0	5	4	1	0	0	0	60337	37	37987	37
50	20	0	27	6	21	0	4	0.333333	19487	45637	16137	28087
50	30	0	73	16	57	15	8	0.666667	16687	45637	16137	35037
50	40	0	134	15	119	6	11	0.916667	16687	45637	13237	35037
50	50	0	155	14	141	6	11	0.916667	16687	45637	13237	35037
50	60	0	160	18	142	10	12	1	16687	45637	13237	35037
50	70	0	174	18	156	0	12	1	16687	45637	13237	35037
51	0	0	2	0	2	6	1	0.0833333	16687	18987	33087	35037
51	7	0	0	0	0	0	0	0	0	0	0	0
52	0	0	2	0	2	3	1	0.0833333	16687	18987	33087	35037
52	10	0	13	3	10	3	1	0.0833333	33137	39487	16137	18787
52	20	0	66	21	45	14	8	0.666667	25337	45637	13237	31487
52	30	0	130	16	114	13	11	0.916667	16687	45637	13237	35037
52	40	0	162	14	148	18	11	0.916667	16687	45637	13237	35037
52	50	0	184	16	168	13	11	0.916667	16687	45637	13237	35037
52	60	0	197	22	175	4	12	1	16687	45637	13237	35037
52	70	0	186	14	172	0	12	1	16687	45637	13237	35037
53	0	0	2	0	2	3	1	0.0833333	16687	18987	33087	35037
53	10	0	5	3	2	0	0	0	60337	37	37987	37
53	20	0	14	2	12	4	1	0.0833333	28937	34587	16687	22587
53	30	0	48	7	41	10	5	0.416667	28937	45637	16137	30587
53	40	0	116	21	95	11	10	0.833333	17187	45637	13237	31487
53	50	0	142	16	126	7	10	0.833333	16687	45637	13237	35037
53	60	0	159	16	143	7	11	0.916667	16687	45637	13237	35037
53	70	0	177	10	167	0	12	1	16687	45637	13237	35037
54	0	0	2	0	2	3	1	0.0833333	16687	18987	33087	35037
54	10	0	15	5	10	0	1	0.0833333	35437	37137	28937	30987
54	20	0	24	9	15	7	4	0.333333	16687	40537	16687	35037
54	30	0	59	7	52	11	6	0.5	16687	39487	13237	35037
54	40	0	111	18	93	17	11	0.916667	16687	45637	13237	35037
54	50	0	163	16	147	9	12	1	16687	45637	13237	35037
54	60	0	184	21	163	9	12	1	16687	45637	13237	35037
54	70	0	173	14	159	0	12	1	16687	45637	13237	35037
55	0	0	2	0	2	1	1	0.0833333	16687	18987	33087	35037
55	2	0	0	0	0	0	0	0	0	0	0	0
56	0	0	2	0	2	3	1	0.0833333	16687	18987	33087	35037
56	10	0	18	6	12	6	1	0.0833333	28937	34587	16687	22587
56	20	0	59	6	53	20	8	0.666667	16687	45537	13237	35037
56	30	0	121	14	107	11	10	0.833333	16687	45637	13237	35037
56	40	0	150	8	142	22	12	1	16687	45637	13237	35037
56	50	0	173	13	160	9	12	1	16687	45637	13237	35037
56	60	0	171	12	159	24	12	1	16687	45637	13237	35037
56	70	0	175	11	164	0	12	1	16687	45637	13237	35037
57	0	0	2	0	2	2	1	0.0833333	16687	18987	33087	35037
57	10	0	29	4	25	5	4	0.333333	25337	45537	13237	31487
57	20	0	80	21	59	8	8	0.666667	25337	45637	13237	31487
57	30	0	146	23	123	9	11	0.916667	16687	45637	13237	35037
57	40	0	167	14	153	21	12	1	16687	45637	13237	35037
57	50	0	216	21	195	13	12	1	16687	45637	13237	35037
57	60	0	206	16	190	9	11	0.916667	16687	45637	13237	35037
57	70	0	191	22	169	0	12	1	16687	45637	13237	35037
58	0	0	2	0	2	3	1	0.0833333	16687	18987	33087	35037
58	10	0	15	5	10	14	2	0.166667	28937	45537	16687	31487
58	20	0	78	13	65	15	8	0.666667	25337	45637	13237	31487
58	30	0	150	13	137	16	12	1	16687	45637	13237	35037
58	40	0	188	19	169	10	12	1	16687	45637	13237	35037
58	50	0	208	9	199	17	12	1	16687	45637	13237	35037
58	60	0	205	21	184	2	12	1	16687	45637	13237	35037
58	70	0	182	7	175	0	12	1	16687	45637	13237	35037
59	0	0	2	0	2	5	1	0.0833333	16687	18987	33087	35037
59	9	0	0	0	0	0	0	0	0	0	0	0
60	0	0	2	0	2	1	1	0.0833333	16687	18987	33087	35037
60	4	0	0	0	0	0	0	0	0	0	0	0
61	0	0	2	0	2	1	1	0.0833333	16687	18987	33087	35037
61	3	0	0	0	0	0	0	0	0	0	0	0
62	0	0	2	0	2	4	1	0.0833333	16687	18987	33087	35037
62	10	0	20	12	8	1	2	0.166667	33137	45537	16137	31487
62	20	0	63	9	54	9	8	0.666667	19487	45587	13237	30987
62	30	0	111	18	93	6	11	0.916667	16687	45637	13237	35037
62	40	0	145	9	136	23	11	0.916667	16687	45637	13237	35037
62	50	0	179	16	163	16	11	0.916667	16687	45637	13237	35037
62	60	0	212	30	182	13	12	1	16687	45637	13237	35037
62	70	0	203	12	191	0	11	0.916667	16687	45637	13237	35037
63	0	0	2	0	2	4	1	0.0833333	16687	18987	33087	35037
63	8	0	0	0	0	0	0	0	0	0	0	0
64	0	0	2	0	2	3	1	0.0833333	16687	18987	33087	35037
64	10	0	23	8	15	9	3	0.25	16687	34587	16687	35037
64	20	0	52	7	45	11	8	0.666667	16687	45637	13237	35037
64	30	0	92	18	74	9	9	0.75	16687	45637	13237	35037
64	40	0	143	27	116	12	11	0.916667	16687	45637	13237	35037
64	50	0	161	22	139	7	12	1	16687	45637	13237	35037
64	60	0	169	17	152	10	12	1	16687	45637	13237	35037
64	70	0	183	21	162	0	12	1	16687	45637	13237	35037
65	0	0	2	0	2	2	1	0.0833333	16687	18987	33087	35037
65	10	0	4	2	2	0	0	0	60337	37	37987	37
65	20	0	62	17	45	13	7	0.583333	17187	45637	16137	30987
65	30	0	94	12	82	19	9	0.75	17187	45637	16137	31487
65	40	0	145	21	124	19	12	1	16687	45637	13237	35037
65	50	0	180	21	159	9	12	1	16687	45637	13237	35037
65	60	0	179	12	167	14	12	1	16687	45637	13237	35037
65	70	0	178	14	164	0	12	1	16687	45637	13237	35037
66	0	0	2	0	2	3	1	0.0833333	16687	18987	33087	35037
66	10	0	4	2	2	0	1	0.0833333	25337	29437	13237	16387
66	20	0	3	0	3	0	1	0.0833333	25337	29437	13237	16387
66	30	0	1	0	1	0	0	0	60337	37	37987	37
66	40	0	1	0	1	0	0	0	60337	37	37987	37
66	43	0	0	0	0	0	0	0	0	0	0	0
67	0	0	2	0	2	1	1	0.0833333	16687	18987	33087	35037
67	10	0	6	3	3	1	1	0.0833333	42687	45537	30087	31487
67	20	0	17	7	10	6	3	0.25	16687	45637	19487	35037
67	30	0	75	14	61	6	8	0.666667	16687	45637	13237	35037
67	40	0	129	14	115	19	9	0.75	16687	45637	16137	35037
67	50	0	153	8	145	10	11	0.916667	16687	45637	13237	35037
67	60	0	188	5	183	14	12	1	16687	45637	13237	35037
67	70	0	198	12	186	0	12	1	16687	45637	13237	35037
68	0	0	2	0	2	3	1	0.0833333	16687	18987	33087	35037
68	10	0	10	5	5	4	2	0.166667	16687	29437	13237	35037
68	20	0	46	16	30	13	6	0.5	16687	45537	13237	35037
68	30	0	115	24	91	10	12	1	16687	45637	13237	35037
68	40	0	142	17	125	12	12	1	16687	45637	13237	35037
68	50	0	157	12	145	15	11	0.916667	16687	45637	13237	35037
68	60	0	172	14	158	12	12	1	16687	45637	13237	35037
68	70	0	186	27	159	0	12	1	16687	45637	13237	35037
69	0	0	2	0	2	1	1	0.0833333	16687	18987	33087	35037
69	5	0	0	0	0	0	0	0	0	0	0	0
70	0	0	2	0	2	4	1	0.0833333	16687	18987	33087	35037
70	10	0	15	8	7	2	1	0.0833333	28937	34587	16687	22587
70	20	0	36	5	31	1	3	0.25	28937	45637	16137	22587
70	30	0	68	18	50	17	9	0.75	16687	45637	13237	35037
70	40	0	149	21	128	16	12	1	16687	45637	13237	35037
70	50	0	183	23	160	9	12	1	16687	45637	13237	35037
70	60	0	195	14	181	10	11	0.916667	16687	45637	13237	35037
70	70	0	187	16	171	0	11	0.916667	16687	45637	13237	35037
71	0	0	2	0	2	1	1	0.0833333	16687	18987	33087	35037
71	3	0	0	0	0	0	0	0	0	0	0	0
72	0	0	2	0	2	5	1	0.0833333	16687	18987	33087	35037
72	10	0	18	5	13	4	2	0.166667	16687	34587	16687	35037
72	20	0	49	14	35	10	7	0.583333	16687	45637	13237	35037
72	30	0	118	16	102	17	11	0.916667	16687	45637	13237	35037
72	40	0	155	22	133	14	10	0.833333	16687	45637	13237	35037
72	50	0	167	15	152	18	11	0.916667	16687	45637	13237	35037
72	60	0	195	16	179	9	12	1	16687	45637	13237	35037
72	70	0	197	15	182	0	12	1	16687	45637	13237	35037
73	0	0	2	0	2	5	1	0.0833333	16687	18987	33087	35037
73	10	0	7	3	4	3	1	0.0833333	29037	31487	29087	30587
73	20	0	6	0	6	0	0	0	60337	37	37987	37
73	30	0	5	0	5	0	0	0	60337	37	37987	37
73	40	0	3	0	3	0	0	0	60337	37	37987	37
73	50	0	1	0	1	0	0	0	60337	37	37987	37
73	60	0	1	0	1	0	0	0	60337	37	37987	37
73	62	0	0	0	0	0	0	0	0	0	0	0
74	0	0	2	0	2	2	1	0.0833333	16687	18987	33087	35037
74	10	0	19	5	14	6	3	0.25	16687	45537	16687	35037
74	20	0	62	10	52	16	8	0.666667	16687	45637	13237	35037
74	30	0	136	21	115	21	10	0.833333	16687	45637	13237	35037
74	40	0	161	12	149	9	11	0.916667	16687	45637	13237	35037
74	50	0	166	19	147	5	11	0.916667	16687	45637	13237	35037
74	60	0	153	22	131	11	11	0.916667	16687	45637	13237	35037
74	70	0	160	20	140	0	12	1	16687	45637	13237	35037
75	0	0	2	0	2	0	1	0.0833333	16687	18987	33087	35037
75	4	0	0	0	0	0	0	0	0	0	0	0
76	0	0	2	0	2	2	1	0.0833333	16687	18987	33087	35037
76	9	0	0	0	0	0	0	0	0	0	0	0
77	0	0	2	0	2	6	1	0.0833333	16687	18987	33087	35037
77	10	0	29	11	18	16	4	0.333333	17187	45537	16687	31487
77	20	0	123	21	102	11	10	0.833333	16687	45637	13237	35037
77	30	0	154	16	138	10	11	0.916667	16687	45637	13237	35037
77	40	0	155	14	141	13	12	1	16687	45637	13237	35037
77	50	0	160	15	145	11	12	1	16687	45637	13237	35037
77	60	0	168	16	152	6	12	1	16687	45637	13237	35037
77	70	0	197	15	182	0	12	1	16687	45637	13237	35037
78	0	0	2	0	2	3	1	0.0833333	16687	18987	33087	35037
78	7	0	0	0	0	0	0	0	0	0	0	0
79	0	0	2	0	2	4	1	0.0833333	16687	18987	33087	35037
79	10	0	38	20	18	7	3	0.25	16687	39487	16137	35037
79	20	0	128	20	108	12	10	0.833333	16687	45637	13237	35037
79	30	0	182	27	155	6	10	0.833333	16687	45637	13237	35037
79	40	0	187	23	164	14	12	1	16687	45637	13237	35037
79	50	0	176	4	172	16	12	1	16687	45637	13237	35037
79	60	0	183	16	167	22	12	1	16687	45637	13237	35037
79	70	0	192	16	176	0	12	1	16687	45637	13237	35037
80	0	0	2	0	2	3	1	0.0833333	16687	18987	33087	35037
80	10	0	7	4	3	6	1	0.0833333	28937	34587	16687	22587
80	20	0	10	0	10	5	1	0.0833333	19487	21837	18687	21137
80	30	0	31	11	20	5	3	0.25	16687	34587	16687	35037
80	40	0	89	14	75	29	10	0.833333	16687	45637	13237	35037
80	50	0	149	16	133	16	12	1	16687	45637	13237	35037
80	60	0	169	11	158	6	12	1	16687	45637	13237	35037
80	70	0	185	22	163	0	12	1	16687	45637	13237	35037
81	0	0	2	0	2	4	1	0.0833333	16687	18987	33087	35037
81	10	0	8	5	3	1	1	0.0833333	42687	45537	30087	31487
81	20	0	51	17	34	7	6	0.5	28937	45637	16137	30987
81	30	0	99	19	80	10	8	0.666667	16687	45637	16137	35037
81	40	0	149	12	137	14	10	0.833333	16687	45637	13237	35037
81	50	0	156	9	147	13	10	0.833333	16687	45637	13237	35037
81	60	0	174	19	155	10	12	1	16687	45637	13237	35037
81	70	0	179	15	164	0	12	1	16687	45637	13237	35037
82	0	0	2	0	2	3	1	0.0833333	16687	18987	33087	35037
82	10	0	9	5	4	2	2	0.166667	42687	45637	19487	31487
82	20	0	19	3	16	0	3	0.25	33137	45637	16137	30987
82	30	0	69	8	61	16	7	0.583333	19487	45637	16137	31487
82	40	0	128	14	114	22	11	0.916667	16687	45637	13237	35037
82	50	0	162	14	148	17	11	0.916667	16687	45637	13237	35037
82	60	0	176	21	155	15	11	0.916667	16687	45637	13237	35037
82	70	0	189	16	173	0	11	0.916667	16687	45637	13237	35037
83	0	0	2	0	2	2	1	0.0833333	16687	18987	33087	35037
83	10	0	15	6	9	4	1	0.0833333	42687	45537	30087	31487
83	20	0	48	11	37	10	4	0.333333	16687	39487	13237	35037
83	30	0	134	26	108	18	12	1	16687	45637	13237	35037
83	40	0	158	15	143	19	11	0.916667	16687	45637	13237	35037
83	50	0	171	12	159	7	11	0.916667	16687	45637	13237	35037
83	60	0	188	16	172	9	12	1	16687	45637	13237	35037
83	70	0	199	16	183	0	12	1	16687	45637	13237	35037
84	0	0	2	0	2	3	1	0.0833333	16687	18987	33087	35037
84	3	0	0	0	0	0	0	0	0	0	0	0
85	0	0	2	0	2	6	1	0.0833333	16687	18987	33087	35037
85	10	0	21	6	15	17	3	0.25	19487	45537	18687	31487
85	20	0	131	17	114	10	11	0.916667	16687	45637	13237	35037
85	30	0	154	16	138	17	12	1	16687	45637	13237	35037
85	40	0	197	21	176	6	12	1	16687	45637	13237	35037
85	50	0	195	11	184	18	12	1	16687	45637	13237	35037
85	60	0	207	16	191	11	12	1	16687	45637	13237	35037
85	70	0	185	14	171	0	12	1	16687	45637	13237	35037
86	0	0	2	0	2	5	1	0.0833333	16687	18987	33087	35037
86	10	0	22	4	18	9	3	0.25	29037	45537	16137	31487
86	20	0	68	18	50	11	8	0.666667	17187	45637	16137	31487
86	30	0	148	21	127	5	10	0.833333	16687	45637	13237	35037
86	40	0	151	9	142	29	11	0.916667	16687	45637	13237	35037
86	50	0	182	15	167	3	11	0.916667	16687	45637	13237	35037
86	60	0	197	13	184	17	12	1	16687	45637	13237	35037
86	70	0	183	13	170	0	10	0.833333	16687	45637	16137	35037
87	0	0	2	0	2	2	1	0.0833333	16687	18987	33087	35037
87	10	0	18	2	16	6	3	0.25	25337	45537	13237	31487
87	20	0	57	9	48	11	8	0.666667	16687	45637	13237	35037
87	30	0	77	8	69	5	8	0.666667	16687	45637	13237	35037
87	40	0	90	16	74	14	9	0.75	16687	45637	13237	35037
87	50	0	129	15	114	13	11	0.916667	16687	45637	13237	35037
87	60	0	134	8	126	8	11	0.916667	16687	45637	13237	35037
87	70	0	142	16	126	0	10	0.833333	16687	45637	13237	35037
88	0	0	2	0	2	3	1	0.0833333	16687	18987	33087	35037
88	10	0	10	4	6	2	1	0.0833333	16687	18987	33087	35037
88	20	0	60	13	47	11	7	0.583333	16687	45537	16137	35037
88	30	0	121	18	103	10	9	0.75	16687	45587	13237	35037
88	40	0	166	23	143	15	11	0.916667	16687	45637	13237	35037
88	50	0	169	16	153	8	12	1	16687	45637	13237	35037
88	60	0	157	10	147	14	12	1	16687	45637	13237	35037
88	70	0	166	13	153	0	12	1	16687	45637	13237	35037
89	0	0	2	0	2	2	1	0.0833333	16687	18987	33087	35037
89	10	0	44	20	24	12	4	0.333333	19487	45537	16137	31487
89	20	0	118	21	97	10	11	0.916667	16687	45637	13237	35037
89	30	0	175	19	156	13	12	1	16687	45637	13237	35037
89	40	0	198	19	179	13	12	1	16687	45637	13237	35037
89	50	0	182	17	165	19	11	0.916667	16687	45637	13237	35037
89	60	0	208	13	195	9	12	1	16687	45637	13237	35037
89	70	0	201	21	180	0	11	0.916667	16687	45637	13237	35037
90	0	0	2	0	2	2	1	0.0833333	16687	18987	33087	35037
90	10	0	7	5	2	0	0	0	60337	37	37987	37
90	20	0	2	0	2	0	0	0	60337	37	37987	37
90	30	0	1	0	1	0	0	0	60337	37	37987	37
90	33	0	0	0	0	0	0	0	0	0	0	0
91	0	0	2	0	2	5	1	0.0833333	16687	18987	33087	35037
91	10	0	26	3	23	7	2	0.166667	28937	45537	16687	31487
91	20	0	78	13	65	17	8	0.666667	19487	45587	13237	31487
91	30	0	117	18	99	8	10	0.833333	19487	45637	13237	31487
91	40	0	150	10	140	17	11	0.916667	16687	45637	13237	35037
91	50	0	140	5	135	10	10	0.833333	16687	45637	13237	35037
91	60	0	166	10	156	20	11	0.916667	16687	45637	13237	35037
91	70	0	191	15	176	0	12	1	16687	45637	13237	35037
92	0	0	2	0	2	3	1	0.0833333	16687	18987	33087	35037
92	10	0	4	2	2	0	0	0	60337	37	37987	37
92	20	0	1	0	1	0	0	0	60337	37	37987	37
92	30	0	1	0	1	0	0	0	60337	37	37987	37
92	40	0	1	0	1	0	0	0	60337	37	37987	37
92	42	0	0	0	0	0	0	0	0	0	0	0
93	0	0	2	0	2	2	1	0.0833333	16687	18987	33087	35037
93	10	0	4	1	3	4	1	0.0833333	28937	34587	16687	22587
93	20	0	5	0	5	0	1	0.0833333	42787	45637	19487	21937
93	30	0	4	0	4	0	1	0.0833333	42787	45637	19487	21937
93	40	0	1	0	1	0	0	0	60337	37	37987	37
93	45	0	0	0	0	0	0	0	0	0	0	0
94	0	0	2	0	2	5	1	0.0833333	16687	18987	33087	35037
94	10	0	34	10	24	3	3	0.25	16687	34587	13237	35037
94	20	0	91	16	75	12	10	0.833333	16687	45637	13237	35037
94	30	0	147	13	134	16	12	1	16687	45637	13237	35037
94	40	0	161	16	145	14	12	1	16687	45637	13237	35037
94	50	0	165	20	145	15	12	1	16687	45637	13237	35037
94	60	0	182	12	170	7	12	1	16687	45637	13237	35037
94	70	0	194	19	175	0	12	1	16687	45637	13237	35037
95	0	0	2	0	2	5	1	0.0833333	16687	18987	33087	35037
95	10	0	30	8	22	11	5	0.416667	16687	45537	13237	35037
95	20	0	99	21	78	10	10	0.833333	16687	45637	13237	35037
95	30	0	115	8	107	13	9	0.75	16687	45637	13237	35037
95	40	0	133	10	123	9	9	0.75	16687	45637	13237	35037
95	50	0	151	17	134	11	11	0.916667	16687	45637	13237	35037
95	60	0	152	16	136	12	12	1	16687	45637	13237	35037
95	70	0	172	17	155	0	11	0.916667	16687	45637	13237	35037
96	0	0	2	0	2	1	1	0.0833333	16687	18987	33087	35037
96	10	0	2	0	2	0	0	0	60337	37	37987	37
96	20	0	1	0	1	0	0	0	60337	37	37987	37
96	30	0	0	0	0	0	0	0	0	0	0	0
97	0	0	2	0	2	2	1	0.0833333	16687	18987	33087	35037
97	2	0	0	0	0	0	0	0	0	0	0	0
98	0	0	2	0	2	4	1	0.0833333	16687	18987	33087	35037
98	10	0	44	19	25	6	5	0.416667	19487	39487	13237	30587
98	20	0	91	9	82	5	8	0.666667	19487	45637	13237	30987
98	30	0	118	16	102	4	10	0.833333	16687	45637	13237	35037
98	40	0	124	12	112	7	10	0.833333	16687	45637	13237	35037
98	50	0	132	15	117	14	12	1	16687	45637	13237	35037
98	60	0	178	19	159	16	12	1	16687	45637	13237	35037
98	70	0	182	22	160	0	11	0.916667	16687	45637	13237	35037
99	0	0	2	0	2	4	1	0.0833333	16687	18987	33087	35037
99	5	0	0	0	0	0	0	0	0	0	0	0
